17,8
17,7
17,6
17,5
17,4
17,3
17,2
17,1
17,0
16,3
16,2
16,1
16,0
15,7
15,6
15,5
15,4
15,3
15,2
15,1
15,0
14,4
14,3
14,2
14,1
14,0
13,4
13,3
13,2
13,1
13,0
12,3
12,2
12,1
12,0
11,4
11,3
11,2
11,1
11,0
10,4
10,3
10,2
10,1
10,0
9,3
9,2
9,1
9,0
8,3
8,2
8,1
8,0
7,5
7,4
7,3
7,2
7,1
7,0
6,3
6,2
6,1
6,0
5,5
5,4
5,3
5,2
5,1
5,0
4,3
4,2
4,1
4,0
3,6
3,5
3,4
3,3
3,2
3,1
3,0
2,15
2,14
2,13
2,12
2,11
2,10
2,9
2,8
2,7
2,6
2,5
2,4
2,3
2,2
2,1
2,0
1,3
1,2
1,1
1,0
0,518
0,517
0,516
0,515
0,514
0,513
0,512
0,425
0,415
0,412
0,399
0,324
0,243
0,9
0,0
0,1
0,427
0,300
0,299
0,298
0,434
0,297
0,296
0,295
0,433
0,294
0,432
0,293
0,292
0,431
0,291
0,290
0,430
0,289
0,429
0,288
0,287
0,428
0,286
0,423
0,285
0,422
0,284
0,421
0,283
0,420
0,282
0,419
0,281
0,418
0,280
0,417
0,279
0,416
0,278
0,414
0,277
0,413
0,276
0,411
0,275
0,410
0,274
0,409
0,273
0,408
0,272
0,407
0,271
0,406
0,270
0,405
0,269
17,9
17,10
17,12
17,13
17,15
17,16
17,18
17,20
17,21
17,23
17,24
17,26
17,28
17,29
17,31
17,32
17,34
17,35
17,65
17,67
17,68
17,70
17,71
17,73
17,75
17,76
17,78
17,79
17,81
17,82
17,84
17,86
17,87
17,89
17,90
17,92
17,94
17,95
17,97
17,98
17,100
17,101
17,103
17,105
17,106
17,108
17,109
17,111
17,113
17,114
17,116
17,117
17,119
17,121
17,122
17,124
17,125
17,127
17,128
17,130
17,132
17,133
17,135
17,136
17,138
17,140
17,141
17,143
17,144
17,146
17,147
17,149
17,151
17,152
17,154
17,155
17,157
17,159
17,160
17,162
17,163
17,165
17,166
17,168
17,170
17,171
17,173
17,174
17,176
17,178
17,179
17,181
17,182
17,184
17,186
17,187
17,189
17,190
17,192
17,193
17,195
17,197
17,198
17,200
17,201
17,203
17,205
17,206
17,208
17,209
17,211
17,212
17,214
17,216
17,217
17,219
17,220
17,222
17,224
17,225
17,227
17,228
17,230
17,231
17,233
17,235
17,236
17,238
17,239
17,241
17,243
17,244
17,246
17,247
17,249
17,250
17,252
17,254
17,255
17,257
17,258
17,260
17,262
17,263
17,265
17,266
17,268
17,270
17,271
17,273
17,274
17,276
17,277
17,279
17,281
17,282
17,284
17,285
17,319
17,321
18,0
18,2
18,3
19,1
19,2
19,4
20,1
20,2
20,4
20,5
21,1
21,3
21,4
22,0
22,1
22,3
22,4
23,0
23,2
23,3
24,0
24,1
24,3
24,5
25,0
25,2
25,3
25,5
26,1
26,2
26,4
27,0
27,2
27,3
27,5
28,0
28,1
28,3
28,4
29,1
29,3
29,4
30,1
30,2
30,4
30,5
31,0
31,2
31,3
31,5
31,6
32,0
32,2
32,3
32,5
33,0
33,2
33,3
34,1
34,3
34,4
34,6
35,0
35,2
35,4
35,5
35,7
35,8
35,10
35,11
36,1
36,3
36,4
37,0
37,1
37,3
38,1
38,2
38,4
39,0
39,2
39,4
39,5
39,7
39,8
40,1
40,2
40,4
41,0
41,1
41,3
41,4
42,1
42,3
42,4
42,6
43,0
43,2
43,3
43,5
44,1
44,2
44,4
44,5
44,7
45,0
45,1
45,3
45,4
46,1
46,2
46,4
47,1
47,2
47,4
47,5
48,0
48,2
48,3
48,5
48,6
48,8
48,10
49,0
49,2
49,3
49,5
49,6
50,1
50,3
50,4
50,6
50,7
51,0
51,2
51,3
52,1
52,2
52,4
52,5
52,7
53,0
53,1
53,3
53,4
54,1
54,3
54,4
54,6
54,7
54,9
55,0
55,2
55,4
55,5
55,7
55,8
56,1
56,3
56,4
56,6
56,7
56,9
56,11
56,12
57,1
57,2
57,4
57,5
58,0
58,2
58,3
58,5
58,6
59,0
59,2
59,3
59,5
59,6
60,1
60,2
60,4
60,6
60,7
60,8
60,5
60,3
60,0
59,4
59,1
58,7
58,4
58,1
57,6
57,3
57,0
56,10
56,8
56,5
56,2
56,0
55,6
55,3
55,1
54,8
54,5
54,2
54,0
53,2
52,8
52,6
52,3
52,0
51,1
50,8
50,5
50,2
50,0
49,4
49,1
48,9
48,7
48,4
48,1
47,6
47,3
47,0
46,3
46,0
45,2
44,8
44,6
44,3
44,0
43,4
43,1
42,5
42,2
42,0
41,2
40,5
40,3
40,0
39,6
39,3
39,1
38,3
38,0
37,2
36,5
36,2
36,0
35,9
35,6
35,3
35,1
34,5
34,2
34,0
33,1
32,4
32,1
31,7
31,4
31,1
30,6
30,3
30,0
29,2
29,0
28,2
27,6
27,4
27,1
26,3
26,0
25,4
25,1
24,4
24,2
23,4
23,1
22,5
22,2
21,5
21,2
21,0
20,3
20,0
19,3
19,0
18,1
17,320
17,286
17,283
17,280
17,278
17,275
17,272
17,269
17,267
17,264
17,261
17,259
17,256
17,253
17,251
17,248
17,245
17,242
17,240
17,237
17,234
17,232
17,229
17,226
17,223
17,221
17,218
17,215
17,213
17,210
17,207
17,204
17,202
17,199
17,196
17,194
17,191
17,188
17,185
17,183
17,180
17,177
17,175
17,172
17,169
17,167
17,164
17,161
17,158
17,156
17,153
17,150
17,148
17,145
17,142
17,139
17,137
17,134
17,131
17,129
17,126
17,123
17,120
17,118
17,115
17,112
17,110
17,107
17,104
17,102
17,99
17,96
17,93
17,91
17,88
17,85
17,83
17,80
17,77
17,74
17,72
17,69
17,66
17,64
17,33
17,30
17,27
17,25
17,22
17,19
17,17
17,14
17,11
0,404
0,268
0,403
0,267
0,402
0,266
0,401
0,265
0,400
0,264
0,397
0,263
0,396
0,262
0,395
0,261
0,394
0,260
0,393
0,259
0,392
0,258
0,391
0,257
0,390
0,256
0,389
0,255
0,388
0,254
0,387
0,253
0,386
0,252
0,385
0,251
0,384
0,250
0,383
0,249
0,382
0,248
0,381
0,247
0,380
0,246
0,379
0,245
0,378
0,244
0,377
0,242
0,376
0,241
0,375
0,240
0,374
0,239
0,373
0,238
0,372
0,237
0,371
0,236
0,370
0,235
0,369
0,234
0,368
0,233
0,367
0,232
0,366
0,231
0,365
0,230
0,364
0,229
0,363
0,228
0,362
0,227
0,361
0,226
0,360
0,225
0,359
0,224
0,358
0,223
0,357
0,222
0,356
0,221
0,355
0,220
0,354
0,219
0,353
0,218
0,352
0,217
0,351
0,216
0,350
0,215
0,349
0,214
0,348
0,213
0,347
0,212
0,346
0,211
0,345
0,210
0,344
0,209
0,343
0,208
0,342
0,207
0,341
0,206
0,340
0,205
0,339
0,204
0,338
0,203
0,202
0,336
0,201
0,335
0,200
0,334
0,199
0,333
0,198
0,332
0,197
0,331
0,196
0,330
0,195
0,329
0,194
0,328
0,193
0,327
0,192
0,326
0,63
0,325
0,62
0,323
0,61
0,322
0,60
0,321
0,59
0,320
0,58
0,319
0,57
0,318
0,56
0,317
0,55
0,316
0,54
0,315
0,53
0,314
0,52
0,313
0,51
0,312
0,50
0,311
0,49
0,310
0,48
0,309
0,47
0,308
0,46
0,307
0,45
0,301
0,6
0,5
0,304
0,303
0,306
0,305
0,302
0,424
0,12
0,398
0,10
0,8
0,426
0,11
0,4
0,2
0,3
0,7
